chorme:
    一个class: 1984 1988 1989 1172 1985 2000 1987 1991 1995 1997
     多层嵌套: 1992 1993 1995 1991 1989 1987 1983 1993 2003 1994

ie10:
    一个class: 2931 2968 2992 2955 2937 2897 2924 2923 2891 2910
     多层嵌套: 3165 2945 2921 2922 2921 2965 2967 2939 2939 2924

ie8:
    一个class: 3019 3187 3209 3194 3196 3196 3202 3181 3202 3159
     多层嵌套: 3358 3311 3309 3230 3210 3227 3222 3248 3256 3214

firefox:
    一个class: 280 265 270 298 280 266 299 280 274 284 292
     多层嵌套: 272 280 279 290 274 287 288 309 274 286 293